Measured Mean: (0.125000, 0.500000, 0.250000)
Expected: (0.125000, 0.500000, 0.250000)
MaxAbs: 0.000000
MAE: 0.000000
