Measured Mean: (0.500000, 0.500000, 0.500000)
Expected: (0.500000, 0.500000, 0.500000)
MaxAbs: 0.000000
MAE: 0.000000
